
ver1
gpucount V K A D
1	288.87 471.337 598.395 1376.57 
2	142.845 232.177 308.363 704.478 
3	93.5684 154.271 211.961 459.149 
4	69.9733 113.001 154.869 352.749 


ver2
gpucount V K A D
1	281.036 287.662 311.006 411.819 
2	128.581 141.033 146.608 207.99 
3	80.5448 92.7545 92.295 138.079 
4	55.1373 68.3567 65.483 103.629 


ver3
gpucount V K A D
1	388.103 443.705 509.754 936.313 
2	213.74 249.354 301.378 551.262 
3	144.326 166.537 201.761 370.33 
4	135.98 159.446 199 366.614 


ver4
gpucount V K A D
1	144.132 294.773 246.784 527.722 
2	80.5096 145.03 125.028 261.729 
3	54.1787 102.894 86.2607 180.903 
4	51.8908 71.7601 60.5927 132.446 


