
ver1
gpucount V K A D
1	21.7071 31.814 42.2975 98.7437 
2	10.7811 15.6638 21.3326 49.5506 
3	7.29198 11.3351 15.4414 34.5903 
4	5.30955 7.83653 10.796 24.813 


ver2
gpucount V K A D
1	15.9301 24.1192 20.1593 38.5999 
2	7.5415 11.8821 9.53904 19.3491 
3	4.93521 8.09022 6.48074 13.3417 
4	3.68229 5.83546 4.67145 9.69224 


ver3
gpucount V K A D
1	27.9019 33.5658 43.0994 78.5806 
2	18.5972 22.3521 28.7937 52.2858 
3	9.46256 11.3363 14.5213 26.3759 
4	8.90411 10.4747 13.2632 25.9914 


ver4
gpucount V K A D
1	15.3921 23.7309 20.6931 44.1864 
2	10.2473 12.1329 10.5955 23.3172 
3	5.14479 9.91188 8.60774 16.1511 
4	4.35652 6.01797 5.19949 11.97 


