V
version\reflvl 2 3 4 5 6 7 8 9
ver1	0.0002021 0.0004512 0.0017212 0.0076133 0.0814363 0.578842 5.34673 70.085 
ver2	0.0002063 0.0006152 0.0021957 0.0097229 0.0526568 0.47401 3.7089 55.0317 
ver3	0.000771 0.0028872 0.0116504 0.049566 0.225813 1.3454 8.89058 135.378 
ver4	0.0007532 0.002764 0.0107174 0.0428636 0.174409 0.828552 4.35505 51.9127 


K
version\reflvl 2 3 4 5 6 7 8 9
ver1	0.0002395 0.0006977 0.0024937 0.0116281 0.0684744 0.681842 7.86453 113.068 
ver2	0.000257 0.0007658 0.0027466 0.0121356 0.103256 0.696659 5.86813 68.27 
ver3	0.0008145 0.0030735 0.0125005 0.0537226 0.248719 1.55369 10.45 159.384 
ver4	0.0008394 0.0031097 0.0121076 0.0490382 0.204985 1.06721 5.98423 71.5893 


A
version\reflvl 2 3 4 5 6 7 8 9
ver1	0.000241 0.0007202 0.0026727 0.0129431 0.0782968 0.84806 10.7628 154.465 
ver2	0.0002496 0.0007159 0.002477 0.010802 0.0935101 0.605015 4.68139 65.6643 
ver3	0.0008243 0.003155 0.0132916 0.0603437 0.303213 1.89152 13.2294 198.94 
ver4	0.0008244 0.0030322 0.0118281 0.047793 0.21058 0.98949 5.22719 60.3017 


D
version\reflvl 2 3 4 5 6 7 8 9
ver1	0.0003814 0.0010328 0.0048435 0.0258465 0.249302 2.22996 24.8158 352.307 
ver2	0.0004074 0.001123 0.0048665 0.0230407 0.175755 1.2204 9.69727 104.01 
ver3	0.0018219 0.0073482 0.0303342 0.139419 0.673398 4.07972 25.9825 366.3 
ver4	0.0009627 0.003592 0.0137529 0.056985 0.233292 1.29184 11.9578 132.642 


