V
version\reflvl 2 3 4 5 6 7 8 9
ver1	0.0053513 0.0221661 0.176034 1.42343 11.6774 97.7623 
ver2	0.0042463 0.0228467 0.179497 1.42827 11.4389 92.052 
ver3	0.0041585 0.0297847 0.179058 1.44826 11.8681 98.8443 
ver4	0.0040812 0.0293895 0.175882 1.40752 11.2974 91.0927 


K
version\reflvl 2 3 4 5 6 7 8 9
ver1	0.005092 0.0283099 0.207902 1.69847 13.8574 117.035 
ver2	0.006187 0.0272279 0.214507 1.70538 13.7354 111.758 
ver3	0.0050346 0.0352574 0.212244 1.71895 14.1154 117.993 
ver4	0.0050398 0.0262522 0.211465 1.69876 13.6076 111.262 


A
version\reflvl 2 3 4 5 6 7 8 9
ver1	0.0052455 0.0284683 0.210407 1.71908 14.2109 121.635 
ver2	0.005814 0.0272125 0.214287 1.70459 13.7309 111.734 
ver3	0.0052409 0.0355181 0.286953 1.77297 14.957 131.305 
ver4	0.0052777 0.0262477 0.210494 1.69956 13.614 111.243 


D
version\reflvl 2 3 4 5 6 7 8 9
ver1	0.0083112 0.0327876 0.264503 2.18416 18.3916 163.211 
ver2	0.0081438 0.0345178 0.273395 2.17984 17.6617 148.165 
ver3	0.0083629 0.0453159 0.270298 2.24899 18.5001 162.165 
ver4	0.0083353 0.0345649 0.27172 2.21152 17.9005 151.273 


