V
version\reflvl 2 3 4 5 6 7 8 9
ver1	7.74e-05 0.0001479 0.0004449 0.0024469 0.0176355 0.174284 3.15562 55.6297 
ver2	8.67e-05 0.0001546 0.0003724 0.0012243 0.0060122 0.0799227 0.976386 19.8038 
ver3	0.0001115 0.00031 0.0014707 0.009084 0.0638884 0.498525 4.83727 66.1103 
ver4	9.46e-05 0.0001876 0.0005146 0.0018565 0.0096372 0.0771583 0.773377 25.8281 


K
version\reflvl 2 3 4 5 6 7 8 9
ver1	7.72e-05 0.0001434 0.0003364 0.0019301 0.0192456 0.315088 5.00106 79.374 
ver2	9.64e-05 0.000212 0.0006043 0.0022648 0.0130828 0.144829 1.93866 32.4344 
ver3	0.0001167 0.00035 0.0017031 0.0107666 0.0762312 0.61006 5.84147 77.6237 
ver4	0.0001242 0.0002925 0.0009232 0.0034636 0.023297 0.228491 2.35401 56.0447 


A
version\reflvl 2 3 4 5 6 7 8 9
ver1	8.11e-05 0.0001742 0.0005278 0.0033579 0.028055 0.453357 7.19983 116.942 
ver2	0.0001001 0.0001952 0.0005293 0.0018325 0.0080868 0.10895 1.25291 24.8574 
ver3	0.0001293 0.0004492 0.002541 0.0175755 0.131944 1.09123 9.28675 95.5593 
ver4	9.91e-05 0.000205 0.0006136 0.0022001 0.0123762 0.0947549 1.116 68.2597 


D
version\reflvl 2 3 4 5 6 7 8 9
ver1	0.0001061 0.000261 0.0008205 0.0052643 0.072814 1.12056 15.1344 222.307 
ver2	0.0001474 0.0003419 0.0011737 0.0049228 0.0401328 0.333373 3.33266 50.9493 
ver3	0.0002459 0.0009807 0.0045969 0.0296177 0.192595 1.58492 13.4259 211.25 
ver4	0.0001804 0.0004985 0.0016213 0.0068067 0.0362689 0.278861 3.44632 53.4127 


