V
version\reflvl 2 3 4 5 6 7 8 9
ver1	0.0002658 0.0013383 0.0079311 0.0761885 0.843543 10.7327 
ver2	0.0002649 0.0013906 0.0074503 0.0581827 0.503599 4.92213 
ver3	0.0002219 0.0017436 0.0096735 0.0837917 0.948455 12.0893 
ver4	0.0002358 0.0012337 0.0077039 0.0553237 0.482751 4.62437 


K
version\reflvl 2 3 4 5 6 7 8 9
ver1	0.0004704 0.001707 0.0092301 0.0900586 1.0232 13.7777 
ver2	0.0002968 0.0021602 0.0112366 0.0907148 0.830135 8.9947 
ver3	0.0002421 0.0020561 0.0115783 0.102529 1.18614 15.4187 
ver4	0.000318 0.0020032 0.0120827 0.0867815 0.818617 8.85643 


A
version\reflvl 2 3 4 5 6 7 8 9
ver1	0.000346 0.0018753 0.0113101 0.12266 1.53784 21.142 
ver2	0.0004335 0.0020269 0.0110047 0.0866744 0.815601 8.71503 
ver3	0.0003516 0.0024307 0.0129346 0.14837 1.90287 26.6733 
ver4	0.0004069 0.0020115 0.0110815 0.0872087 0.823517 8.73547 


D
version\reflvl 2 3 4 5 6 7 8 9
ver1	0.0010088 0.0054299 0.0323072 0.318472 3.38838 43.399 
ver2	0.0010149 0.0067194 0.0375621 0.303106 2.66783 28.5748 
ver3	0.0009723 0.0076569 0.0335625 0.352668 3.62762 46.55 
ver4	0.0011686 0.0058167 0.0321228 0.287675 2.52073 27.5935 


