3
3

98
1.000000e+00 -1.000000e+00 -1.000000e+00
1.000000e+00 1.000000e+00 -1.000000e+00
-1.000000e+00 1.000000e+00 -1.000000e+00
-1.000000e+00 -1.000000e+00 -1.000000e+00
1.000000e+00 -1.000000e+00 1.000000e+00
1.000000e+00 1.000000e+00 1.000000e+00
-1.000000e+00 1.000000e+00 1.000000e+00
-1.000000e+00 -1.000000e+00 1.000000e+00
1.000000e+00 0.000000e+00 -1.000000e+00
1.000000e+00 0.000000e+00 0.000000e+00
1.000000e+00 -1.000000e+00 0.000000e+00
0.000000e+00 -1.000000e+00 -1.000000e+00
1.000000e+00 1.000000e+00 0.000000e+00
0.000000e+00 1.000000e+00 -1.000000e+00
0.000000e+00 1.000000e+00 0.000000e+00
0.000000e+00 0.000000e+00 -1.000000e+00
-1.000000e+00 1.000000e+00 0.000000e+00
-1.000000e+00 0.000000e+00 0.000000e+00
-1.000000e+00 0.000000e+00 -1.000000e+00
-1.000000e+00 -1.000000e+00 0.000000e+00
0.000000e+00 -1.000000e+00 0.000000e+00
0.000000e+00 -1.000000e+00 1.000000e+00
1.000000e+00 0.000000e+00 1.000000e+00
0.000000e+00 0.000000e+00 1.000000e+00
0.000000e+00 1.000000e+00 1.000000e+00
-1.000000e+00 0.000000e+00 1.000000e+00
1.000000e+00 -5.000000e-01 -1.000000e+00
1.000000e+00 5.000000e-01 -1.000000e+00
1.000000e+00 -5.000000e-01 -5.000000e-01
1.000000e+00 5.000000e-01 5.000000e-01
1.000000e+00 -1.000000e+00 -5.000000e-01
1.000000e+00 -1.000000e+00 5.000000e-01
5.000000e-01 -1.000000e+00 -1.000000e+00
-5.000000e-01 -1.000000e+00 -1.000000e+00
1.000000e+00 1.000000e+00 -5.000000e-01
1.000000e+00 1.000000e+00 5.000000e-01
5.000000e-01 1.000000e+00 -1.000000e+00
-5.000000e-01 1.000000e+00 -1.000000e+00
5.000000e-01 1.000000e+00 -5.000000e-01
-5.000000e-01 1.000000e+00 5.000000e-01
5.000000e-01 5.000000e-01 -1.000000e+00
-5.000000e-01 -5.000000e-01 -1.000000e+00
-1.000000e+00 1.000000e+00 -5.000000e-01
-1.000000e+00 1.000000e+00 5.000000e-01
-1.000000e+00 5.000000e-01 -5.000000e-01
-1.000000e+00 -5.000000e-01 5.000000e-01
-1.000000e+00 5.000000e-01 -1.000000e+00
-1.000000e+00 -5.000000e-01 -1.000000e+00
-1.000000e+00 -1.000000e+00 -5.000000e-01
-1.000000e+00 -1.000000e+00 5.000000e-01
-5.000000e-01 -1.000000e+00 -5.000000e-01
5.000000e-01 -1.000000e+00 5.000000e-01
5.000000e-01 -1.000000e+00 1.000000e+00
-5.000000e-01 -1.000000e+00 1.000000e+00
1.000000e+00 -5.000000e-01 1.000000e+00
1.000000e+00 5.000000e-01 1.000000e+00
5.000000e-01 -5.000000e-01 1.000000e+00
-5.000000e-01 5.000000e-01 1.000000e+00
5.000000e-01 1.000000e+00 1.000000e+00
-5.000000e-01 1.000000e+00 1.000000e+00
-1.000000e+00 5.000000e-01 1.000000e+00
-1.000000e+00 -5.000000e-01 1.000000e+00
1.000000e+00 5.000000e-01 -5.000000e-01
1.000000e+00 5.000000e-01 0.000000e+00
1.000000e+00 0.000000e+00 -5.000000e-01
1.000000e+00 0.000000e+00 5.000000e-01
1.000000e+00 -5.000000e-01 5.000000e-01
1.000000e+00 -5.000000e-01 0.000000e+00
-5.000000e-01 1.000000e+00 -5.000000e-01
-5.000000e-01 1.000000e+00 0.000000e+00
0.000000e+00 1.000000e+00 -5.000000e-01
0.000000e+00 1.000000e+00 5.000000e-01
5.000000e-01 1.000000e+00 5.000000e-01
5.000000e-01 1.000000e+00 0.000000e+00
-1.000000e+00 0.000000e+00 5.000000e-01
-1.000000e+00 5.000000e-01 5.000000e-01
-1.000000e+00 5.000000e-01 0.000000e+00
-1.000000e+00 -5.000000e-01 -5.000000e-01
-1.000000e+00 -5.000000e-01 0.000000e+00
-1.000000e+00 0.000000e+00 -5.000000e-01
5.000000e-01 -1.000000e+00 -5.000000e-01
5.000000e-01 -1.000000e+00 0.000000e+00
0.000000e+00 -1.000000e+00 -5.000000e-01
0.000000e+00 -1.000000e+00 5.000000e-01
-5.000000e-01 -1.000000e+00 5.000000e-01
-5.000000e-01 -1.000000e+00 0.000000e+00
0.000000e+00 -5.000000e-01 -1.000000e+00
5.000000e-01 0.000000e+00 -1.000000e+00
5.000000e-01 -5.000000e-01 -1.000000e+00
0.000000e+00 5.000000e-01 -1.000000e+00
-5.000000e-01 0.000000e+00 -1.000000e+00
-5.000000e-01 5.000000e-01 -1.000000e+00
5.000000e-01 5.000000e-01 1.000000e+00
0.000000e+00 5.000000e-01 1.000000e+00
5.000000e-01 0.000000e+00 1.000000e+00
-5.000000e-01 0.000000e+00 1.000000e+00
-5.000000e-01 -5.000000e-01 1.000000e+00
0.000000e+00 -5.000000e-01 1.000000e+00

192
0 26 28
26 8 64
64 9 28
26 64 28
8 27 62
27 1 34
34 12 62
27 34 62
12 35 63
35 5 29
29 9 63
35 29 63
8 62 64
62 12 63
63 9 64
62 63 64
0 28 30
28 9 67
67 10 30
28 67 30
9 29 65
29 5 55
55 22 65
29 55 65
22 54 66
54 4 31
31 10 66
54 31 66
9 65 67
65 22 66
66 10 67
65 66 67
1 36 38
36 13 70
70 14 38
36 70 38
13 37 68
37 2 42
42 16 68
37 42 68
16 43 69
43 6 39
39 14 69
43 39 69
13 68 70
68 16 69
69 14 70
68 69 70
1 38 34
38 14 73
73 12 34
38 73 34
14 39 71
39 6 59
59 24 71
39 59 71
24 58 72
58 5 35
35 12 72
58 35 72
14 71 73
71 24 72
72 12 73
71 72 73
2 44 42
44 17 76
76 16 42
44 76 42
17 45 74
45 7 61
61 25 74
45 61 74
25 60 75
60 6 43
43 16 75
60 43 75
17 74 76
74 25 75
75 16 76
74 75 76
2 46 44
46 18 79
79 17 44
46 79 44
18 47 77
47 3 48
48 19 77
47 48 77
19 49 78
49 7 45
45 17 78
49 45 78
18 77 79
77 19 78
78 17 79
77 78 79
3 33 50
33 11 82
82 20 50
33 82 50
11 32 80
32 0 30
30 10 80
32 30 80
10 31 81
31 4 51
51 20 81
31 51 81
11 80 82
80 10 81
81 20 82
80 81 82
3 50 48
50 20 85
85 19 48
50 85 48
20 51 83
51 4 52
52 21 83
51 52 83
21 53 84
53 7 49
49 19 84
53 49 84
20 83 85
83 21 84
84 19 85
83 84 85
0 32 26
32 11 88
88 8 26
32 88 26
11 33 86
33 3 41
41 15 86
33 41 86
15 40 87
40 1 27
27 8 87
40 27 87
11 86 88
86 15 87
87 8 88
86 87 88
2 37 46
37 13 91
91 18 46
37 91 46
13 36 89
36 1 40
40 15 89
36 40 89
15 41 90
41 3 47
47 18 90
41 47 90
13 89 91
89 15 90
90 18 91
89 90 91
4 54 56
54 22 94
94 23 56
54 94 56
22 55 92
55 5 58
58 24 92
55 58 92
24 59 93
59 6 57
57 23 93
59 57 93
22 92 94
92 24 93
93 23 94
92 93 94
4 56 52
56 23 97
97 21 52
56 97 52
23 57 95
57 6 60
60 25 95
57 60 95
25 61 96
61 7 53
53 21 96
61 53 96
23 95 97
95 25 96
96 21 97
95 96 97
