1
2

38
0.000000000000
0.031250000000
0.062500000000
0.093750000000
0.125000000000
0.156250000000
0.164062500000
0.166015625000
0.166503906250
0.166625976562
0.166748046875
0.166992187500
0.167480468750
0.167968750000
0.168945312500
0.169921875000
0.171875000000
0.173828125000
0.175781250000
0.177734375000
0.179687500000
0.181640625000
0.183593750000
0.187500000000
0.191406250000
0.195312500000
0.199218750000
0.203125000000
0.207031250000
0.210937500000
0.214843750000
0.218750000000
0.222656250000
0.226562500000
0.230468750000
0.234375000000
0.242187500000
0.250000000000

37
0 1
1 2
2 3
3 4
4 5
5 6
6 7
7 8
8 9
9 10
10 11
11 12
12 13
13 14
14 15
15 16
16 17
17 18
18 19
19 20
20 21
21 22
22 23
23 24
24 25
25 26
26 27
27 28
28 29
29 30
30 31
31 32
32 33
33 34
34 35
35 36
36 37

