V
threadcount FR TRSS TS
01	332.683  	0.12345  	4.83285  	
02	166.417  	0.0640888  	2.38965  	
03	110.912  	0.0412714  	1.61211  	
04	83.2657  	0.0309383  	1.17133  	
06	55.5047  	0.0212423  	0.78719  	
08	43.8273  	0.0160883  	0.59149  	
10	33.353  	0.0128531  	0.470493  	
12	27.758  	0.0107306  	0.392967  	
15	22.2726  	0.0086835  	0.315697  	
18	18.9263  	0.00726753  	0.261832  	
24	14.4941  	0.00560952  	0.198105  	
30	11.8147  	0.00441156  	0.16089  	
36	9.697  	0.00369779  	0.133535  	



K
threadcount FR TRSS TS
01	437.734  	0.0742102  	6.9645  	
02	218.289  	0.0375814  	3.56489  	
03	143.962  	0.0253009  	2.36956  	
04	107.784  	0.018795  	1.78267  	
06	72.9553  	0.0124835  	1.18849  	
08	54.6757  	0.0093997  	0.891457  	
10	43.842  	0.0075274  	0.714903  	
12	36.4977  	0.00629067  	0.59416  	
15	29.395  	0.00505457  	0.476487  	
18	24.3293  	0.00421503  	0.398197  	
24	18.2377  	0.00334713  	0.301029  	
30	14.7859  	0.00270936  	0.241269  	
36	12.3047  	0.00234067  	0.201598  	



A
threadcount FR TRSS TS
01	489.054  	0.0974332  	9.08537  	
02	244.687  	0.0507451  	4.5307  	
03	162.539  	0.0338992  	3.075  	
04	122.168  	0.0258175  	2.31429  	
06	81.4467  	0.018209  	1.54027  	
08	61.4153  	0.0146995  	1.15128  	
10	49.0667  	0.0124239  	0.93189  	
12	40.887  	0.0111182  	0.769867  	
15	32.7688  	0.0100752  	0.620537  	
18	28.2676  	0.00949373  	0.517913  	
24	20.8123  	0.0108346  	0.403807  	
30	16.5913  	0.0126351  	0.324193  	
36	13.8233  	0.0140332  	0.27518  	



D
threadcount FR TRSS TS
01	946.882  	0.316334  	18.737  	
02	480.261  	0.160064  	9.42021  	
03	320.241  	0.106785  	6.25731  	
04	240.9  	0.0806364  	4.66637  	
06	159.796  	0.0553537  	3.1335  	
08	120.593  	0.0418893  	2.34639  	
10	96.279  	0.034505  	1.87248  	
12	80.783  	0.029607  	1.57116  	
15	64.367  	0.0247094  	1.25429  	
18	53.7387  	0.0219118  	1.05463  	
24	40.3729  	0.0201398  	0.812636  	
30	32.4637  	0.0201291  	0.645665  	
36	27.2075  	0.020417  	0.54156  	



