V
threadcount FR TRSS TS
01	155.421  	0.0352907  	3.18557  	
02	77.754  	0.0175737  	1.59385  	
03	52.2  	0.0116667  	1.07453  	
04	39.1544  	0.00873935  	0.796933  	
06	25.9915  	0.0059021  	0.533867  	
08	19.4908  	0.00444023  	0.407457  	
10	15.6544  	0.00358577  	0.321954  	
12	13.0089  	0.00302023  	0.269594  	
15	10.4059  	0.00241982  	0.21572  	
18	8.73433  	0.00202361  	0.179915  	
24	6.54969  	0.00154859  	0.135249  	
30	5.24938  	0.00128778  	0.109217  	
36	4.38385  	0.00107295  	0.0933119  	



K
threadcount FR TRSS TS
01	231.925  	0.0521917  	4.96738  	
02	117.496  	0.0269706  	2.44703  	
03	79.3263  	0.0180775  	1.63316  	
04	59.2517  	0.0135443  	1.22609  	
06	39.3507  	0.00876937  	0.82594  	
08	29.5865  	0.00659973  	0.622207  	
10	23.8038  	0.00528543  	0.499413  	
12	19.72  	0.0044747  	0.413183  	
15	15.8562  	0.0036192  	0.329245  	
18	13.234  	0.00302604  	0.285747  	
24	9.99923  	0.00230949  	0.208571  	
30	7.9776  	0.00187692  	0.166633  	
36	6.79312  	0.00160538  	0.142637  	



A
threadcount FR TRSS TS
01	281.526  	0.0728434  	6.80441  	
02	140.298  	0.0373867  	3.41316  	
03	94.5095  	0.0257003  	2.30182  	
04	70.4488  	0.0198286  	1.7228  	
06	46.9043  	0.0141059  	1.13784  	
08	35.5453  	0.0113682  	0.856997  	
10	28.2512  	0.00929007  	0.690863  	
12	23.6524  	0.0090101  	0.57609  	
15	18.9814  	0.00831143  	0.460527  	
18	16.1238  	0.00813507  	0.393937  	
24	12.2454  	0.0094982  	0.298593  	
30	9.56177  	0.0108534  	0.238518  	
36	7.97371  	0.0125915  	0.203857  	



D
threadcount FR TRSS TS
01	663.053  	0.206631  	16.3922  	
02	349.567  	0.107407  	8.27845  	
03	228.666  	0.0703265  	5.51898  	
04	171.258  	0.0536495  	4.14715  	
06	114.069  	0.0363803  	2.77103  	
08	86.5777  	0.0281415  	2.08938  	
10	68.798  	0.0233083  	1.67263  	
12	57.132  	0.0200063  	1.3945  	
15	45.8013  	0.0172786  	1.12808  	
18	38.4383  	0.0157421  	0.95367  	
24	28.5615  	0.015279  	0.706374  	
30	23.1176  	0.0156143  	0.571378  	
36	19.3602  	0.0168385  	0.481365  	



